Trial: 1 -----------------------------------
[2, 1, 2, 4, 4, 4, 5, 4, 3] | Length: 9
Trial: 2 -----------------------------------
[2, 2, 4, 1, 3, 3, 2, 2, 3, 5] | Length: 10
Trial: 3 -----------------------------------
[2, 1, 4, 4, 3, 1, 3, 3, 3, 3, 3, 1, 4, 5] | Length: 14
Trial: 4 -----------------------------------
[1, 2, 2, 5, 2, 1, 1, 4, 5, 5, 1, 1, 5, 2, 3] | Length: 15
Trial: 5 -----------------------------------
[1, 2, 3, 2, 5, 3, 2, 1, 3, 5, 4] | Length: 11
Trial: 6 -----------------------------------
[2, 3, 4, 4, 2, 5, 5, 1] | Length: 8
Trial: 7 -----------------------------------
[1, 1, 4, 4, 5, 4, 4, 1, 4, 4, 1, 4, 1, 2, 5, 4, 2, 1, 3] | Length: 19
Trial: 8 -----------------------------------
[3, 2, 5, 2, 2, 5, 4, 1] | Length: 8
Trial: 9 -----------------------------------
[2, 4, 3, 1, 4, 1, 5] | Length: 7
Trial: 10 -----------------------------------
[1, 2, 5, 3, 5, 3, 2, 2, 2, 2, 5, 2, 1, 1, 2, 3, 1, 3, 1, 3, 3, 5, 5, 4] | Length: 24
Trial: 11 -----------------------------------
[1, 4, 1, 4, 4, 5, 5, 4, 4, 2, 3] | Length: 11
Trial: 12 -----------------------------------
[4, 4, 2, 2, 1, 1, 3, 4, 4, 5] | Length: 10
Trial: 13 -----------------------------------
[3, 3, 2, 1, 3, 3, 1, 4, 4, 2, 4, 4, 1, 2, 1, 5] | Length: 16
Trial: 14 -----------------------------------
[5, 1, 4, 4, 4, 2, 1, 2, 3] | Length: 9
Trial: 15 -----------------------------------
[2, 4, 5, 1, 5, 2, 5, 5, 2, 1, 3] | Length: 11
Trial: 16 -----------------------------------
[1, 4, 2, 2, 4, 5, 5, 3] | Length: 8
Trial: 17 -----------------------------------
[4, 2, 4, 2, 2, 1, 2, 3, 3, 2, 5] | Length: 11
Trial: 18 -----------------------------------
[3, 1, 3, 3, 5, 1, 3, 3, 3, 3, 1, 3, 1, 2, 4] | Length: 15
Trial: 19 -----------------------------------
[2, 4, 3, 5, 1] | Length: 5
Trial: 20 -----------------------------------
[3, 3, 3, 1, 4, 1, 3, 3, 2, 1, 3, 3, 1, 1, 3, 3, 5] | Length: 17